[gd_scene load_steps=6 format=3 uid="uid://ctx2kwjfd3xgs"]

[ext_resource type="PackedScene" uid="uid://bgjgsgbyvpm0o" path="res://hammer/hammer.tscn" id="1_ghifm"]

[sub_resource type="Animation" id="Animation_uptqj"]
resource_name = "RaiseIt"
length = 3.0
tracks/0/type = "bezier"
tracks/0/imported = false
tracks/0/enabled = true
tracks/0/path = NodePath("RightArm:rotation:x")
tracks/0/interp = 1
tracks/0/loop_wrap = true
tracks/0/keys = {
"handle_modes": PackedInt32Array(0, 0, 0, 0, 0),
"points": PackedFloat32Array(-0.130533, -0.25, 0, 0.25, 0, 0.276168, -0.25, 0, 0.25, 0, 0.210299, -0.25, 0, 0.25, 0, 0.210299, -0.25, 0, 0.25, 0, -0.130533, -0.25, 0, 0.25, 0),
"times": PackedFloat32Array(0, 0.7, 1.1, 1.7, 3)
}
tracks/1/type = "bezier"
tracks/1/imported = false
tracks/1/enabled = true
tracks/1/path = NodePath("RightArm:rotation:y")
tracks/1/interp = 1
tracks/1/loop_wrap = true
tracks/1/keys = {
"handle_modes": PackedInt32Array(0, 0, 0, 0, 0),
"points": PackedFloat32Array(0.203005, -0.25, 0, 0.25, 0, 0.475581, -0.25, 0, 0.25, 0, 0.50617, -0.25, 0, 0.25, 0, 0.50617, -0.25, 0, 0.25, 0, 0.203005, -0.25, 0, 0.25, 0),
"times": PackedFloat32Array(0, 0.7, 1.1, 1.7, 3)
}
tracks/2/type = "bezier"
tracks/2/imported = false
tracks/2/enabled = true
tracks/2/path = NodePath("RightArm:rotation:z")
tracks/2/interp = 1
tracks/2/loop_wrap = true
tracks/2/keys = {
"handle_modes": PackedInt32Array(0, 0, 0, 0, 0),
"points": PackedFloat32Array(-0.0267868, -0.25, 0, 0.25, 0, 0.0578522, -0.25, 0, 0.25, 0, 0.184629, -0.25, 0, 0.25, 0, 0.184629, -0.25, 0, 0.25, 0, -0.0267868, -0.25, 0, 0.25, 0),
"times": PackedFloat32Array(0, 0.7, 1.1, 1.7, 3)
}
tracks/3/type = "bezier"
tracks/3/imported = false
tracks/3/enabled = true
tracks/3/path = NodePath("LeftArm:rotation:x")
tracks/3/interp = 1
tracks/3/loop_wrap = true
tracks/3/keys = {
"handle_modes": PackedInt32Array(0, 0, 0, 0),
"points": PackedFloat32Array(-1.22369, -0.25, 0, 0.25, 0, -0.478691, -0.25, 0, 0.25, 0, -0.478691, -0.25, 0, 0.25, 0, -1.22369, -0.25, 0, 0.25, 0),
"times": PackedFloat32Array(0, 1, 1.7, 3)
}
tracks/4/type = "bezier"
tracks/4/imported = false
tracks/4/enabled = true
tracks/4/path = NodePath("LeftArm:rotation:y")
tracks/4/interp = 1
tracks/4/loop_wrap = true
tracks/4/keys = {
"handle_modes": PackedInt32Array(0, 0, 0, 0),
"points": PackedFloat32Array(0, -0.25, 0, 0.25, 0, -0.517019, -0.25, 0, 0.25, 0, -0.517019, -0.25, 0, 0.25, 0, 0, -0.25, 0, 0.25, 0),
"times": PackedFloat32Array(0, 1, 1.7, 3)
}
tracks/5/type = "bezier"
tracks/5/imported = false
tracks/5/enabled = true
tracks/5/path = NodePath("LeftArm:rotation:z")
tracks/5/interp = 1
tracks/5/loop_wrap = true
tracks/5/keys = {
"handle_modes": PackedInt32Array(0, 0, 0, 0),
"points": PackedFloat32Array(0, -0.25, 0, 0.25, 0, 0, -0.25, 0, 0.25, 0, 0, -0.25, 0, 0.25, 0, 0, -0.25, 0, 0.25, 0),
"times": PackedFloat32Array(0, 1, 1.7, 3)
}

[sub_resource type="Animation" id="Animation_u5pef"]
length = 0.001
tracks/0/type = "bezier"
tracks/0/imported = false
tracks/0/enabled = true
tracks/0/path = NodePath("RightArm:rotation:x")
tracks/0/interp = 1
tracks/0/loop_wrap = true
tracks/0/keys = {
"handle_modes": PackedInt32Array(0),
"points": PackedFloat32Array(-0.130533, -0.25, 0, 0.25, 0),
"times": PackedFloat32Array(0)
}
tracks/1/type = "bezier"
tracks/1/imported = false
tracks/1/enabled = true
tracks/1/path = NodePath("RightArm:rotation:y")
tracks/1/interp = 1
tracks/1/loop_wrap = true
tracks/1/keys = {
"handle_modes": PackedInt32Array(0),
"points": PackedFloat32Array(0.203005, -0.25, 0, 0.25, 0),
"times": PackedFloat32Array(0)
}
tracks/2/type = "bezier"
tracks/2/imported = false
tracks/2/enabled = true
tracks/2/path = NodePath("RightArm:rotation:z")
tracks/2/interp = 1
tracks/2/loop_wrap = true
tracks/2/keys = {
"handle_modes": PackedInt32Array(0),
"points": PackedFloat32Array(-0.0267868, -0.25, 0, 0.25, 0),
"times": PackedFloat32Array(0)
}
tracks/3/type = "bezier"
tracks/3/imported = false
tracks/3/enabled = true
tracks/3/path = NodePath("LeftArm:rotation:x")
tracks/3/interp = 1
tracks/3/loop_wrap = true
tracks/3/keys = {
"handle_modes": PackedInt32Array(0),
"points": PackedFloat32Array(-1.22369, -0.25, 0, 0.25, 0),
"times": PackedFloat32Array(0)
}
tracks/4/type = "bezier"
tracks/4/imported = false
tracks/4/enabled = true
tracks/4/path = NodePath("LeftArm:rotation:y")
tracks/4/interp = 1
tracks/4/loop_wrap = true
tracks/4/keys = {
"handle_modes": PackedInt32Array(0),
"points": PackedFloat32Array(0, -0.25, 0, 0.25, 0),
"times": PackedFloat32Array(0)
}
tracks/5/type = "bezier"
tracks/5/imported = false
tracks/5/enabled = true
tracks/5/path = NodePath("LeftArm:rotation:z")
tracks/5/interp = 1
tracks/5/loop_wrap = true
tracks/5/keys = {
"handle_modes": PackedInt32Array(0),
"points": PackedFloat32Array(0, -0.25, 0, 0.25, 0),
"times": PackedFloat32Array(0)
}

[sub_resource type="Animation" id="Animation_bpx8x"]
resource_name = "WaveIt"
length = 3.0
tracks/0/type = "bezier"
tracks/0/imported = false
tracks/0/enabled = true
tracks/0/path = NodePath("RightArm:rotation:x")
tracks/0/interp = 1
tracks/0/loop_wrap = true
tracks/0/keys = {
"handle_modes": PackedInt32Array(0, 0, 0, 0, 0, 0, 0),
"points": PackedFloat32Array(-0.130533, -0.25, 0, 0.25, 0, -0.106391, -0.25, 0, 0.25, 0, -0.130533, -0.25, 0, 0.25, 0, 0.100441, -0.25, 0, 0.25, 0, -0.130533, -0.25, 0, 0.25, 0, -0.130533, -0.25, 0, 0.25, 0, -0.130533, -0.25, 0, 0.25, 0),
"times": PackedFloat32Array(0, 0.3, 1, 1.4, 2.1, 2.8, 3.1)
}
tracks/1/type = "bezier"
tracks/1/imported = false
tracks/1/enabled = true
tracks/1/path = NodePath("RightArm:rotation:y")
tracks/1/interp = 1
tracks/1/loop_wrap = true
tracks/1/keys = {
"handle_modes": PackedInt32Array(0, 0, 0, 0, 0, 0, 0),
"points": PackedFloat32Array(0.203005, -0.25, 0, 0.25, 0, -0.0787854, -0.25, 0, 0.25, 0, 0.820747, -0.25, 0, 0.25, 0, -0.112783, -0.25, 0, 0.25, 0, -0.850702, -0.25, 0, 0.25, 0, 0.327509, -0.25, 0, 0.25, 0, 0.203005, -0.25, 0, 0.25, 0),
"times": PackedFloat32Array(0, 0.3, 1, 1.4, 2.1, 2.8, 3.1)
}
tracks/2/type = "bezier"
tracks/2/imported = false
tracks/2/enabled = true
tracks/2/path = NodePath("RightArm:rotation:z")
tracks/2/interp = 1
tracks/2/loop_wrap = true
tracks/2/keys = {
"handle_modes": PackedInt32Array(0, 0, 0, 0, 0, 0, 0),
"points": PackedFloat32Array(-0.0267868, -0.25, 0, 0.25, 0, -0.092176, -0.25, 0, 0.25, 0, -0.0267868, -0.25, 0, 0.25, 0, -0.0529373, -0.25, 0, 0.25, 0, -0.0267868, -0.25, 0, 0.25, 0, -0.0267868, -0.25, 0, 0.25, 0, -0.0267868, -0.25, 0, 0.25, 0),
"times": PackedFloat32Array(0, 0.3, 1, 1.4, 2.1, 2.8, 3.1)
}

[sub_resource type="AnimationLibrary" id="AnimationLibrary_d87ad"]
_data = {
"RESET": SubResource("Animation_u5pef"),
"RaiseIt": SubResource("Animation_uptqj"),
"WaveIt": SubResource("Animation_bpx8x")
}

[node name="Arms" type="Node3D"]

[node name="RightArm" type="Node3D" parent="."]
transform = Transform3D(0.979817, 3.5204e-07, 0.199899, -0.0265557, 0.991137, 0.130163, -0.198127, -0.132844, 0.971132, 0.58348, -0.225032, -0.093031)

[node name="UpperArm_r" type="CSGBox3D" parent="RightArm"]
transform = Transform3D(0.979816, 0.10983, -0.167023, 3.8743e-07, 0.835539, 0.549431, 0.199899, -0.538342, 0.818676, 0.0708565, -0.170905, -0.211429)
size = Vector3(0.1, 0.1, 0.5)

[node name="ElbowJoint_r" type="Node3D" parent="RightArm/UpperArm_r"]
transform = Transform3D(0.979817, 4.90661e-08, 0.199898, 0.10983, 0.835539, -0.538341, -0.167023, 0.549431, 0.818674, -0.0271623, 0.00178289, -0.256854)

[node name="LowerArm_r" type="CSGBox3D" parent="RightArm/UpperArm_r/ElbowJoint_r"]
transform = Transform3D(0.974244, -0.0278276, 0.223773, 0.0449431, 0.996408, -0.07176, -0.220972, 0.0799686, 0.971997, -0.0306859, 0.00798607, -0.250844)
size = Vector3(0.1, 0.1, 0.5)

[node name="Hand_r" type="CSGBox3D" parent="RightArm/UpperArm_r/ElbowJoint_r/LowerArm_r"]
transform = Transform3D(0.999863, 0.016522, 0.000670061, -0.0165219, 0.996579, 0.0809838, 0.000669971, -0.0809837, 0.996714, -0.0159082, -0.000818491, -0.302877)
size = Vector3(0.1, 0.1, 0.1)

[node name="Hammer" parent="RightArm/UpperArm_r/ElbowJoint_r/LowerArm_r/Hand_r" instance=ExtResource("1_ghifm")]
transform = Transform3D(0.767542, 0.0773373, -0.636316, -0.0895826, 0.995895, 0.0129831, 0.634708, 0.0470378, 0.771319, 0, 0, 0)

[node name="LeftArm" type="Node3D" parent="."]
transform = Transform3D(1, 0, 0, 0, 0.340183, 0.940359, 0, -0.940359, 0.340182, -0.597337, -0.225032, -0.093031)

[node name="UpperArm_l" type="CSGBox3D" parent="LeftArm"]
transform = Transform3D(0.999999, 0, 0, 3.72529e-09, 1, 0, -2.98023e-08, 2.98023e-08, 1, 0.0661014, 0.00657433, -0.188121)
size = Vector3(0.1, 0.1, 0.5)

[node name="ElbowJoint_l" type="Node3D" parent="LeftArm/UpperArm_l"]
transform = Transform3D(0.970034, 0.117665, -0.21258, -0.228481, 0.739378, -0.633338, 0.0826548, 0.66293, 0.744104, -0.0271624, 0.00178298, -0.256854)

[node name="LowerArm_l" type="CSGBox3D" parent="LeftArm/UpperArm_l/ElbowJoint_l"]
transform = Transform3D(1, -2.4869e-14, 2.84217e-14, 7.10543e-14, 1, 1.19209e-07, 2.84217e-14, -1.19209e-07, 1, 0.0294552, 0.00798598, -0.250844)
size = Vector3(0.1, 0.1, 0.5)

[node name="Hand_l" type="CSGBox3D" parent="LeftArm/UpperArm_l/ElbowJoint_l/LowerArm_l"]
transform = Transform3D(0.999863, 0.016522, 0.000670046, -0.0165219, 0.996579, 0.0809839, 0.000669941, -0.0809838, 0.996714, 0.00645727, 0.00189441, -0.307778)
size = Vector3(0.1, 0.1, 0.1)

[node name="AnimationPlayer" type="AnimationPlayer" parent="."]
libraries = {
"": SubResource("AnimationLibrary_d87ad")
}
