[gd_scene load_steps=2 format=3 uid="uid://ctx2kwjfd3xgs"]

[ext_resource type="PackedScene" uid="uid://bgjgsgbyvpm0o" path="res://hammer/hammer.tscn" id="1_ghifm"]

[node name="Arms" type="Node3D"]

[node name="RightArm" type="Node3D" parent="."]
transform = Transform3D(0.979817, 4.28408e-08, 0.199898, -0.0265557, 0.991137, 0.130163, -0.198127, -0.132844, 0.971132, 0.58348, -0.225032, -0.093031)

[node name="UpperArm_r" type="CSGBox3D" parent="RightArm"]
transform = Transform3D(0.979816, 0.10983, -0.167023, 3.72529e-07, 0.835539, 0.549431, 0.199899, -0.538342, 0.818676, 0.0708565, -0.170905, -0.211429)
size = Vector3(0.1, 0.1, 0.5)

[node name="ElbowJoint_r" type="Node3D" parent="RightArm/UpperArm_r"]
transform = Transform3D(0.979817, 4.90661e-08, 0.199898, 0.10983, 0.835539, -0.538341, -0.167023, 0.549431, 0.818674, -0.0271623, 0.00178289, -0.256854)

[node name="LowerArm_r" type="CSGBox3D" parent="RightArm/UpperArm_r/ElbowJoint_r"]
transform = Transform3D(0.974244, -0.0278276, 0.223773, 0.0449431, 0.996408, -0.07176, -0.220972, 0.0799686, 0.971997, -0.0306859, 0.00798607, -0.250844)
size = Vector3(0.1, 0.1, 0.5)

[node name="Hand_r" type="CSGBox3D" parent="RightArm/UpperArm_r/ElbowJoint_r/LowerArm_r"]
transform = Transform3D(0.999863, 0.016522, 0.000670061, -0.0165219, 0.996579, 0.0809838, 0.000669971, -0.0809837, 0.996714, -0.0159082, -0.000818491, -0.302877)
size = Vector3(0.1, 0.1, 0.1)

[node name="Hammer" parent="RightArm/UpperArm_r/ElbowJoint_r/LowerArm_r/Hand_r" instance=ExtResource("1_ghifm")]
transform = Transform3D(0.767542, 0.0773373, -0.636316, -0.0895826, 0.995895, 0.0129831, 0.634708, 0.0470378, 0.771319, 0, 0, 0)

[node name="LeftArm" type="Node3D" parent="."]
transform = Transform3D(1, 0, 0, 0, 0.340183, 0.940359, 0, -0.940359, 0.340182, -0.597337, -0.225032, -0.093031)

[node name="UpperArm_l" type="CSGBox3D" parent="LeftArm"]
transform = Transform3D(0.999999, 0, 0, 3.72529e-09, 1, 0, -2.98023e-08, 2.98023e-08, 1, 0.0661014, 0.00657433, -0.188121)
size = Vector3(0.1, 0.1, 0.5)

[node name="ElbowJoint_l" type="Node3D" parent="LeftArm/UpperArm_l"]
transform = Transform3D(0.970034, 0.117665, -0.21258, -0.228481, 0.739378, -0.633338, 0.0826548, 0.66293, 0.744104, -0.0271624, 0.00178298, -0.256854)

[node name="LowerArm_l" type="CSGBox3D" parent="LeftArm/UpperArm_l/ElbowJoint_l"]
transform = Transform3D(1, -2.4869e-14, 2.84217e-14, 7.10543e-14, 1, 1.19209e-07, 2.84217e-14, -1.19209e-07, 1, 0.0294552, 0.00798598, -0.250844)
size = Vector3(0.1, 0.1, 0.5)

[node name="Hand_l" type="CSGBox3D" parent="LeftArm/UpperArm_l/ElbowJoint_l/LowerArm_l"]
transform = Transform3D(0.999863, 0.016522, 0.000670046, -0.0165219, 0.996579, 0.0809839, 0.000669941, -0.0809838, 0.996714, 0.00645727, 0.00189441, -0.307778)
size = Vector3(0.1, 0.1, 0.1)
