[gd_scene load_steps=2 format=3 uid="uid://ctx2kwjfd3xgs"]

[ext_resource type="PackedScene" uid="uid://bgjgsgbyvpm0o" path="res://hammer/hammer.tscn" id="1_ghifm"]

[node name="RightArm" type="Node3D"]
transform = Transform3D(0.979817, 4.28408e-08, 0.199898, -0.0265557, 0.991137, 0.130163, -0.198127, -0.132844, 0.971132, 0.58348, -0.225032, -0.093031)

[node name="UpperArm_r" type="CSGBox3D" parent="."]
transform = Transform3D(0.979816, 0.10983, -0.167023, 3.72529e-07, 0.835539, 0.549431, 0.199899, -0.538342, 0.818676, 0.0708565, -0.170905, -0.211429)
size = Vector3(0.1, 0.1, 0.5)

[node name="ElbowJoint_r" type="Node3D" parent="UpperArm_r"]
transform = Transform3D(0.979817, 4.90661e-08, 0.199898, 0.10983, 0.835539, -0.538341, -0.167023, 0.549431, 0.818674, -0.0271623, 0.00178289, -0.256854)

[node name="LowerArm_r" type="CSGBox3D" parent="UpperArm_r/ElbowJoint_r"]
transform = Transform3D(0.974244, -0.0278276, 0.223773, 0.0449431, 0.996408, -0.07176, -0.220972, 0.0799686, 0.971997, -0.0306859, 0.00798607, -0.250844)
size = Vector3(0.1, 0.1, 0.5)

[node name="Hand_r" type="CSGBox3D" parent="UpperArm_r/ElbowJoint_r/LowerArm_r"]
transform = Transform3D(0.999863, 0.016522, 0.000670061, -0.0165219, 0.996579, 0.0809838, 0.000669971, -0.0809837, 0.996714, -0.0159082, -0.000818491, -0.302877)
size = Vector3(0.1, 0.1, 0.1)

[node name="Hammer" parent="UpperArm_r/ElbowJoint_r/LowerArm_r/Hand_r" instance=ExtResource("1_ghifm")]
