[gd_scene load_steps=4 format=3 uid="uid://cyxaalm3c5gml"]

[ext_resource type="Script" path="res://player/player.gd" id="1_a6cdn"]

[sub_resource type="CapsuleShape3D" id="CapsuleShape3D_5qqo4"]

[sub_resource type="BoxShape3D" id="BoxShape3D_q32ss"]
size = Vector3(0.351297, 0.164173, 0.151983)

[node name="Player" type="CharacterBody3D"]
unique_name_in_owner = true
script = ExtResource("1_a6cdn")

[node name="CollisionShape3d" type="CollisionShape3D" parent="."]
transform = Transform3D(1, 0, 0, 0, 1, 0, 0, 0, 1, 0, 1, 0)
shape = SubResource("CapsuleShape3D_5qqo4")

[node name="Neck" type="Node3D" parent="."]
transform = Transform3D(1, 0, 0, 0, 1, 0, 0, 0, 1, 0, 2, 0)

[node name="Camera3d" type="Camera3D" parent="Neck"]

[node name="UpperArm" type="CSGBox3D" parent="Neck/Camera3d"]
transform = Transform3D(1, 0, 0, 0, 0.755145, 0.655558, 0, -0.655558, 0.755145, 0.610642, -0.423824, -0.289691)
size = Vector3(0.1, 0.1, 0.5)

[node name="LowerArm" type="CSGBox3D" parent="Neck/Camera3d/UpperArm"]
transform = Transform3D(0.979817, 1.10517e-08, 0.199898, 0.123259, 0.787269, -0.604165, -0.157374, 0.61661, 0.771379, -0.107372, 0.140125, -0.452701)
size = Vector3(0.1, 0.1, 0.5)

[node name="Hand" type="CSGBox3D" parent="Neck/Camera3d/UpperArm/LowerArm"]
transform = Transform3D(0.999352, 0.0358521, 0.00317584, -0.0358521, 0.983785, 0.175732, 0.00317571, -0.175732, 0.984432, -0.0159084, -0.000818491, -0.302877)
size = Vector3(0.1, 0.1, 0.1)

[node name="Handle" type="CSGBox3D" parent="Neck/Camera3d/UpperArm/LowerArm/Hand"]
transform = Transform3D(1, 0, 0, -3.72529e-09, 1, 0, 0, 0, 1, 0.00277328, 0.341266, -0.013594)
size = Vector3(0.05, 0.6, 0.05)

[node name="Head" type="CSGBox3D" parent="Neck/Camera3d/UpperArm/LowerArm/Hand/Handle"]
transform = Transform3D(1, -1.49012e-08, 1.49012e-08, 0, 1, 1.49012e-08, 7.45058e-08, 1.63913e-07, 1, 0.00248671, 0.352456, -0.0121883)
size = Vector3(0.3, 0.1, 0.1)

[node name="HammerCollider" type="Area3D" parent="Neck/Camera3d/UpperArm/LowerArm/Hand/Handle/Head"]

[node name="CollisionShape3d" type="CollisionShape3D" parent="Neck/Camera3d/UpperArm/LowerArm/Hand/Handle/Head/HammerCollider"]
shape = SubResource("BoxShape3D_q32ss")
